#  HZ   S   RI   R     50.00 
! Rohde & Schwarz Vector Network Analyzer 
! Rohde-Schwarz,ZNA43-2Port,1332450042101266,2.10
! Created: UTC 11/25/2021, 10:04:07 AM
! freq[Hz]                re:S11                  im:S11                  re:S21                  im:S21                  re:S12                  im:S12                  re:S22                  im:S22
 1.000000000000000E7     1.255331226511187E-1    9.885048903985348E-2    6.885974402671712E-1   -5.346587591057056E-1    7.235658262809073E-1   -5.438892619667353E-1    1.002137610839003E-1    8.622817473904437E-2
 8.495000000000000E7     1.869843585379515E-1   -4.483194379211164E-2    5.943202629564823E-1    4.824891944494555E-1    5.900881527429656E-1    4.760076349536709E-1    6.085120539384396E-2   -1.340182182072236E-1
 1.599000000000000E8     1.010006713895846E-2    2.804857890898017E-1   -4.678809239636967E-1    4.997836792481074E-1   -4.709813240949307E-1    4.894332171092410E-1    1.649223533494319E-1    1.401741008652160E-1
 2.348500000000000E8     2.739159944886760E-1   -2.199841674225274E-1   -4.449392456091146E-1   -4.075926504443103E-1   -4.199468931673612E-1   -3.904858518167077E-1   -1.471847277865944E-2   -3.549347782007949E-1
 3.098000000000000E8    -2.758479653465526E-1    1.274724866512393E-1    4.056994912563689E-1   -3.928245836594317E-1    3.947591034344649E-1   -3.538522768244367E-1    4.372065580412412E-2   -4.916415807854355E-2
 3.847500000000000E8     3.622123886276034E-1   -5.542389769239364E-3    3.351727656363043E-1    3.782490656256844E-1    3.378419964717432E-1    3.422262975536728E-1    3.867229649903782E-2   -1.744440209982992E-1
 4.597000000000000E8    -3.745133061488445E-1   -1.697151275468938E-1   -3.306430572283141E-1    2.956162956730973E-1   -3.010225742680566E-1    2.861258188748955E-1   -1.258617097633273E-1   -2.356809126001407E-1
 5.346500000000000E8     2.275903700511441E-1    1.622209130689213E-1   -2.534081536394555E-1   -3.735591741298437E-1   -2.533913349694504E-1   -3.694724610349528E-1    1.819161581095897E-1    8.564177899483966E-2
 6.096000000000000E8    -9.367069204173822E-2   -2.924332827835219E-1    3.530672164796647E-1   -2.128930908096210E-1    3.392382755594407E-1   -2.058255378796913E-1   -2.203324331694154E-1   -1.263704784810996E-1
 6.845500000000000E8     4.791615742488442E-2    1.914719911767419E-1    1.691021324682021E-1    3.669345830120562E-1    1.646259976707232E-1    3.558068861124706E-1    1.286727784871513E-1    2.965865110271132E-2
 7.595000000000000E8     4.372525257436574E-2   -1.631159415631235E-1   -3.479304984077508E-1    1.499345666542556E-1   -3.269376199141100E-1    1.444891451738234E-1   -1.494425465257273E-1   -9.529457121426299E-3
 8.344500000000000E8     6.552389223061635E-2    1.065552071033674E-1   -1.106113157439836E-1   -3.392371006459000E-1   -1.110989703761071E-1   -3.230835405242005E-1    6.684920575783462E-2   -1.051228289558507E-1
 9.094000000000000E8    -6.191059514554675E-2   -2.029281506657998E-2    3.313223971326135E-1   -9.310112153623464E-2    3.188570617123749E-1   -9.277352351523831E-2    3.047776866094328E-2    4.201585583244438E-2
 9.843500000000000E8     1.154505438343211E-1    1.410207817807280E-1    7.192223496046006E-2    3.077843515732889E-1    7.864880757963312E-2    2.940412761578504E-1   -5.429889728584485E-2   -6.769372177848811E-2
 1.059300000000000E9    -1.812986071280278E-1   -1.739343001788914E-1   -2.914990093399200E-1    3.510230104332139E-2   -2.773252415219278E-1    4.218059102480357E-2    1.133469423006427E-1   -7.295226600538786E-2
 1.134250000000000E9     1.219940321113344E-1    2.313538387352782E-1   -1.161461370412283E-2   -2.812387683528709E-1   -2.208428708814908E-2   -2.769831523139213E-1    1.895600983208832E-2    1.584190098063410E-2
 1.209200000000000E9     1.245269789083452E-2   -2.999873653499971E-1    2.611983714812574E-1    4.394589138724061E-3    2.579048134833351E-1    1.051185877061085E-3   -3.971923113675173E-2   -3.736224521567716E-2
 1.284150000000000E9    -8.030486947871551E-2    3.555280871530589E-1   -3.101863371790937E-2    2.365823853251739E-1   -3.385134987098815E-2    2.363306924135994E-1    7.201371953169500E-2   -9.327731989187105E-2
 1.359100000000000E9     1.953433923382090E-1   -3.013479384652546E-1   -2.227935585373918E-1   -5.937069500193995E-2   -2.117990294421911E-1   -5.574157595320645E-2   -8.806880816691644E-2   -3.287672029956063E-2
 1.434050000000000E9    -1.956489154861834E-1    2.181310822465055E-1    8.554105672865177E-2   -2.082961487505486E-1    7.857249617942987E-2   -2.006758034234985E-1    1.983124963312995E-1   -6.461065321082020E-2
 1.509000000000000E9     2.844657027757218E-1   -3.064428930846709E-2    1.972107143304196E-1    9.619512552556828E-2    1.922964618186848E-1    8.270230751103216E-2   -1.602844359179062E-1    3.851195313316978E-2
 1.583950000000000E9    -2.423508476357982E-1   -2.539421948146520E-3   -1.184453817583651E-1    1.737891606893941E-1   -1.095442368006703E-1    1.785642746818989E-1    1.112166543812649E-1   -1.022035570943284E-1
 1.658900000000000E9     1.639573353471555E-1    1.036086031765247E-1   -1.691646168428637E-1   -1.248687885444780E-1   -1.708981866991169E-1   -1.191424983971733E-1    2.610932489362053E-2    4.448483122962374E-2
 1.733850000000000E9    -1.235607445763721E-1   -1.772265547192571E-1    1.278990188949885E-1   -1.500952843098253E-1    1.236387465208738E-1   -1.495559527986709E-1   -1.086839089200037E-1    8.044373980692047E-3
 1.808800000000000E9     1.347555756797843E-1    6.384925757518278E-2    1.271224928014273E-1    1.414756119499490E-1    1.263121596515720E-1    1.346289986102924E-1    1.279990518552123E-1   -1.074392560618882E-1
 1.883750000000000E9    -7.396868755537488E-2   -9.496674728817517E-3   -1.435891418314605E-1    1.193244661004825E-1   -1.382416395554633E-1    1.200547005532286E-1   -7.642009533186352E-2    2.153368624418350E-2
 1.958700000000000E9     1.626381019489323E-1   -1.019327819363805E-1   -9.321805434881206E-2   -1.428585686924152E-1   -9.565144446242714E-2   -1.383370449732965E-1    1.211961017743291E-1   -9.930600138590061E-2
 2.033650000000000E9    -1.339936683806800E-1    5.750407812139866E-2    1.463630329551963E-1   -8.465949827326266E-2    1.397758119826908E-1   -8.893444016606022E-2    2.200300228525149E-2    5.674585749894327E-2
 2.108600000000000E9     2.755027964515596E-1    7.150674444794110E-3    6.888633694641824E-2    1.367008325441322E-1    7.247344729337801E-2    1.324622731458980E-1   -5.788979415933969E-2   -1.213156697773692E-1
 2.183550000000000E9    -2.577366593531695E-1   -1.182816620875941E-1   -1.391631309054071E-1    4.592008256714773E-2   -1.362188285672672E-1    5.648292607121193E-2    1.618676612023951E-1    3.659874065935471E-2
 2.258500000000000E9     2.429793410837636E-1    2.288961554511143E-1   -3.913136558816121E-2   -1.304427842057360E-1   -4.306511447274689E-2   -1.344358766141999E-1   -1.039395489150825E-1   -9.959501127720087E-2
 2.333450000000000E9    -1.142345391717148E-1   -3.719657057462880E-1    1.265037640909441E-1   -1.866018470903396E-2    1.260035703900073E-1   -2.346520328589460E-2    5.894351496858066E-2    1.325408202200447E-2
 2.408400000000000E9     4.120029682203245E-2    3.592367664779318E-1    6.815682545000029E-3    1.211438454954319E-1    5.905207194987858E-3    1.171848039497498E-1    5.214624155949369E-2   -1.219319577161382E-1
 2.483350000000000E9     1.243874865457919E-1   -3.653111630452997E-1   -1.100296783024432E-1   -7.633015061662381E-3   -1.078300281306866E-1   -3.954338193355491E-3   -1.003989622683130E-1   -4.533535939020805E-2
 2.558300000000000E9    -1.510466080367680E-1    2.162516272199756E-1    2.493581743429869E-2   -1.053591660130645E-1    2.006219765442814E-2   -1.061584576919154E-1    2.032341737600292E-1    6.228545923986575E-3
 2.633250000000000E9     2.636725135476540E-1   -1.459926411050384E-1    9.670003852944613E-2    3.502867531382104E-2    1.015063148483014E-1    3.255150317121404E-2   -1.602404988863325E-1   -9.606299573893758E-2
 2.708200000000000E9    -1.877104619498177E-1    4.273025860337683E-2   -5.313221725470651E-2    8.837712578353311E-2   -5.038345736499215E-2    9.133373879186973E-2    1.002401773415973E-1   -1.907515460160378E-2
 2.783150000000000E9     1.324111325493869E-1    1.172838430407624E-3   -8.958543192164377E-2   -6.314147185643715E-2   -9.262680143259189E-2   -5.911029181959303E-2    8.322226091422223E-2   -6.365329872629368E-4
 2.858100000000000E9    -9.406915231244685E-2   -5.400967134313569E-2    6.550050442073407E-2   -8.105562621048150E-2    6.244828994930195E-2   -8.280142490788488E-2   -1.675667565513581E-1   -1.140522848642890E-1
 2.933050000000000E9     7.609746037541271E-2   -3.896173877370525E-2    7.502762606979542E-2    7.370296550293021E-2    7.624215612231697E-2    7.143547396187490E-2    1.657641439201906E-1    9.016079016636852E-2
 3.008000000000000E9    -7.742274422608418E-2    4.050413842001602E-2   -7.630045240060970E-2    7.093708602356776E-2   -7.502162060351993E-2    7.252909081461199E-2   -5.868497844442508E-2   -1.958580113859202E-1
 3.082950000000000E9     1.385597090217982E-1   -8.961831919884723E-2   -6.567560322812925E-2   -7.791814290782904E-2   -6.820306354318827E-2   -7.449826067298503E-2   -6.237333784538498E-2    1.211768466366588E-1
 3.157900000000000E9    -2.191523857934836E-1    4.517035021419021E-2    7.547663066656678E-2   -5.658387294702034E-2    7.199930077485006E-2   -5.863139640221585E-2    1.615664539180736E-1   -9.836974862758903E-2
 3.232850000000000E9     2.902960139060035E-1    1.620456256016807E-2    4.322977279124263E-2    6.967652929120266E-2    4.904146778363021E-2    6.861702230062491E-2   -2.094852311807182E-1   -9.526018455595017E-2
 3.307800000000000E9    -2.843975142518952E-1   -1.407225908737504E-1   -7.057314353181779E-2    3.155817771501902E-2   -7.019395140908866E-2    3.539779977517029E-2    1.768370354082060E-1    1.472864134798044E-1
 3.382750000000000E9     1.921099817284982E-1    2.653067663003492E-1   -2.211859726244103E-2   -6.910879000988923E-2   -2.484305885833846E-2   -6.981736644577344E-2   -6.308873401415380E-2   -2.340518628791988E-1
 3.457700000000000E9    -8.772166762416692E-2   -3.289483000093639E-1    7.173678560817014E-2   -1.080571941927637E-2    6.789246824794283E-2   -1.078188488823457E-2   -9.263703864586226E-2    1.373513153521527E-1
 3.532650000000000E9    -9.738763948330566E-2    3.294939338942694E-1    3.042544088539701E-3    6.857551931564058E-2    6.842685955545028E-3    6.726996957109597E-2    1.799795495677818E-1   -5.260768666548432E-2
 3.607600000000000E9     1.859383160853480E-1   -2.594776797682311E-1   -6.301879091220257E-2   -3.692280111888812E-3   -6.414782060591905E-2    3.151110354006564E-4   -2.420331308917155E-1   -1.664903794921008E-1
 3.682550000000000E9    -2.694858544919556E-1    1.170624874573603E-1    8.389506240275461E-3   -5.969531139468775E-2    6.321245506096702E-3   -6.310956997037193E-2    1.611902240609129E-1    2.822800471411507E-1
 3.757500000000000E9     2.036551955215363E-1   -2.558305395925012E-2    5.502482227433664E-2    1.751505337986145E-2    5.443517891410787E-2    1.695405184127477E-2   -6.933444824143677E-2   -3.604300315535340E-1
 3.832450000000000E9    -1.256246722018999E-1   -1.278486199161207E-2   -3.261758429386204E-2    5.125209116673306E-2   -2.838876771995906E-2    5.098433901159483E-2   -1.016822907877279E-1    2.707335923454786E-1
 3.907400000000000E9    -2.113844683307567E-2    1.402232680314276E-2   -5.058533013106387E-2   -3.660989728624597E-2   -5.323981829086200E-2   -3.334460403439298E-2    2.343391401572016E-1   -1.125723888444949E-1
 3.982350000000000E9     7.954555867302130E-3    6.308227990907825E-2    3.525504421872267E-2   -4.835957841281504E-2    3.562772612270552E-2   -4.991879919404968E-2   -3.001314094056425E-1   -5.548044825818258E-2
 4.057300000000000E9    -1.964313873377963E-2   -1.471713792759093E-1    4.494123524620879E-2    3.803562274700271E-2    4.455992170664484E-2    3.834367549528076E-2    2.379403991206913E-1    1.834523225496688E-1
 4.132250000000000E9    -1.114327039688958E-1    1.663106671208012E-1   -4.267352333534979E-2    4.303275375368203E-2   -3.711002793848681E-2    4.283564784263615E-2   -9.522419584553610E-2   -2.850256561965548E-1
 4.207200000000000E9     1.662621617087870E-1   -6.350781367433439E-2   -3.336712521339802E-2   -4.128233557252913E-2   -3.853668967668729E-2   -3.914522432802778E-2   -9.104775589863887E-2    3.087735390166694E-1
 4.282150000000000E9    -2.649225427335309E-1   -6.358524530707770E-2    3.987847248197182E-2   -2.761164340386276E-2    4.059584959052046E-2   -2.991317180911668E-2    1.704329171314554E-1   -1.975208143722059E-1
 4.357100000000000E9     1.771438153186671E-1    2.015069616463899E-1    2.273732436842463E-2    4.097099820633836E-2    2.362586653506938E-2    4.179823397774086E-2   -2.331879790157786E-1    2.619593213627883E-2
 4.432050000000000E9    -7.764636631098025E-2   -2.605509909912481E-1   -4.222810744835195E-2    2.121087957006853E-2   -3.887564052975247E-2    1.986975359363666E-2    1.899471007798588E-1    1.872909638926595E-1
 4.507000000000000E9    -8.108381914723055E-2    2.645208250390078E-1   -1.264213468651950E-2   -3.985443316444451E-2   -1.662235744418954E-2   -3.662981817451603E-2   -9.920375074813016E-2   -2.669150548681240E-1
 4.581950000000000E9     1.818063339426787E-1   -1.186272479642966E-1    3.717424459088300E-2   -5.992651459189475E-3    3.919144204791463E-2   -7.252699488738855E-3   -3.809369967437696E-2    2.723721229140234E-1
 4.656900000000000E9    -2.268564458570499E-1   -1.231001041994556E-2    3.198200727479341E-3    3.813153154762453E-2    4.252942021738469E-3    3.903715797514429E-2    1.859948740390716E-1   -1.533790589419125E-1
 4.731850000000000E9     1.623045119210094E-1    1.410470088413195E-1   -3.522995496678611E-2    1.931368503524857E-3   -3.550497503171521E-2    8.899262387260906E-4   -2.662069385145616E-1   -1.067084318749074E-2
 4.806800000000000E9    -1.635649154749227E-2   -1.746065315685650E-1    3.254419242230114E-3   -3.431661966409564E-2   -3.399933039653963E-4   -3.229422671948604E-2    2.020892898003168E-1    2.131516365445282E-1
 4.881750000000000E9    -1.212422333986173E-1    1.207240209746898E-1    2.687572237193876E-2    5.266760565018246E-3    2.819860547894296E-2    3.993956364697934E-3   -6.883535720933073E-2   -2.829708941703913E-1
 4.956700000000000E9     2.406366694813694E-1    2.478944595990459E-2   -9.065135533416719E-3    2.314660943051549E-2   -9.052228036778423E-3    2.338141116455075E-2   -8.244641795736453E-2    3.085850229389424E-1
 5.031650000000000E9    -1.925469546150184E-1   -1.811972266663376E-1   -1.934807993673618E-2   -1.257035075065560E-2   -1.938629728048983E-2   -1.298354290538243E-2    2.534835362737188E-1   -1.852107704034832E-1
 5.106600000000000E9     1.331358839808411E-1    2.819620584393461E-1    1.657854141513217E-2   -1.677210809169190E-2    1.567497307940659E-2   -1.636766216155843E-2   -2.738810104849055E-1    5.224962999758613E-2
 5.181550000000000E9     5.901519646210469E-2   -3.061096331679576E-1    1.345013921892801E-2    2.025186621955551E-2    1.533291725112034E-2    1.864219158245139E-2    2.698828461546608E-1    1.159769669924048E-1
 5.256500000000000E9    -1.549128235894945E-1    2.233727442036135E-1   -2.112276748213730E-2    9.520272231440212E-3   -2.193305869651275E-2    1.064843464212326E-2   -1.295799634388736E-1   -1.910206204081668E-1
 5.331450000000000E9     2.939932073066809E-1   -6.158287770938662E-2   -6.823224371762028E-3   -2.373306364392428E-2   -8.334337382567834E-3   -2.328103334573505E-2    4.659302569072589E-3    2.273164724072507E-1
 5.406400000000000E9    -2.261707364465399E-1   -1.038988619786724E-1    2.357024190658816E-2   -5.115793313000532E-3    2.363895570394207E-2   -5.427853945690917E-3    1.656446168711652E-1   -1.541656358256355E-1
 5.481350000000000E9     1.658974786347032E-1    2.123282368635203E-1    1.871984625911080E-3    2.561285518886933E-2    3.109640734582037E-3    2.380092444370621E-2   -1.704935312511363E-1    5.821449075692025E-2
 5.556300000000000E9     6.059578521435261E-2   -2.439785873823529E-1   -2.570483260454639E-2   -1.393525615350064E-3   -2.664837801531497E-2   -1.298531392328393E-4    2.023647574956458E-1    5.654067536048855E-2
 5.631250000000000E9    -1.345081465283890E-1    1.627720659806262E-1    2.426525014006046E-3   -2.598313594839611E-2    1.239346279245977E-3   -2.619719615892649E-2   -1.058847016625092E-1   -1.512521526100790E-1
 5.706200000000000E9     2.404925786542751E-1   -1.262030948789153E-2    2.476680689212585E-2    4.604610718328028E-3    2.566753631588999E-2    3.502829234008055E-3    7.836591162905947E-2    1.648762381629480E-1
 5.781150000000000E9    -1.216010669247262E-1   -1.534719633209359E-1   -5.395448088238235E-3    2.489830968144149E-2   -3.832715261891185E-3    2.497696097293176E-2    4.005587001968419E-2   -1.235506081226792E-1
 5.856100000000000E9     2.858062292377640E-2    1.916842929238879E-1   -2.360876994069371E-2   -5.233278218844430E-3   -2.394658670517692E-2   -3.491898820435861E-3   -3.556120962081027E-2    5.616738231268328E-2
 5.931050000000000E9     1.783279287434166E-1   -1.613900263407933E-1    6.229131984535348E-3   -1.973064583005636E-2    5.198791284932920E-3   -2.022356683891231E-2    8.941575674574340E-2   -2.970422307739492E-2
 6.006000000000000E9    -2.310701348171420E-1    1.328745365746758E-2    1.762772885072918E-2    8.423164974259920E-3    1.795488113013105E-2    7.479946475719601E-3    1.523235375668893E-2   -2.035921229089165E-2
 6.080950000000000E9     2.238985935403617E-1    1.188088613592665E-1   -8.203660865588984E-3    1.601889254029346E-2   -7.732126886310973E-3    1.601481663785733E-2   -3.326756358708446E-2    2.541330539859097E-2
 6.155900000000000E9    -5.259029116840043E-2   -2.426957481083648E-1   -1.152862711755057E-2   -8.391946833368198E-3   -1.212731590687431E-2   -7.161489204616916E-3    1.011783094382922E-1   -4.383709578069279E-2
 6.230850000000000E9    -1.087956158612411E-1    2.013459954518388E-1    1.142103667574412E-2   -7.057076418968004E-3    1.139426751999171E-2   -7.895459279336183E-3   -3.857320128126120E-2   -3.173996942421699E-2
 6.305800000000000E9     2.421537622384579E-1   -9.689676067366006E-2    5.858908930753852E-3    1.390066370851109E-2    6.982644095273671E-3    1.379457486034983E-2    4.933579145950028E-2    7.084623570580906E-2
 6.380750000000000E9    -2.439558598384952E-1   -1.056635032739839E-1   -1.463984701145263E-2    4.530811397037086E-3   -1.437450087434751E-2    5.025270879448686E-3    3.701178419392848E-2   -1.361343499464430E-1
 6.455700000000000E9     1.137573008162489E-1    2.196836302267685E-1   -3.280789738620885E-3   -1.581868432585932E-2   -4.448720105620847E-3   -1.494751259811115E-2   -3.111450837099192E-2    5.642258847579967E-2
 6.530650000000000E9     8.407923245553177E-2   -2.689501916332860E-1    1.625220153483521E-2   -1.672167953972833E-3    1.646562916665045E-2   -3.289043486542808E-3    9.397009393173009E-2   -5.920319511170758E-3
 6.605600000000000E9    -2.693506699080367E-1    1.373195957122594E-1    6.234402423579714E-4    1.640230636332842E-2    1.202524582155077E-3    1.683717229691221E-2   -9.402498140842248E-2   -1.063766882653322E-1
 6.680550000000000E9     3.116769644644516E-1    3.591186863043511E-2   -1.611044123188216E-2    6.202702600967055E-4   -1.644976613219833E-2    1.133774255363720E-3    7.749255291212849E-2    1.135224249019922E-1
 6.755500000000000E9    -2.528408703038357E-1   -2.688971306314820E-1   -3.933425606084156E-4   -1.542126716086507E-2   -1.285668963707133E-3   -1.492205511594933E-2   -7.476912359677798E-3   -1.370297897634604E-1
 6.830450000000000E9     1.910874922119593E-2    3.554588603339915E-1    1.405502025346371E-2    2.640543403563037E-4    1.429892539672187E-2   -1.793348177301937E-3   -3.554116229955678E-2    4.259601263965594E-2
 6.905400000000000E9     1.776427490195321E-1   -3.442501029577529E-1   -1.415807948751039E-3    1.191329879189981E-2   -4.455129897456523E-4    1.264897374717204E-2    6.059269193260116E-2   -2.440672317124666E-2
 6.980350000000000E9    -3.945565373582423E-1    1.375023873265586E-1   -1.059167639833362E-2   -2.720172497525174E-3   -1.040892632577816E-2   -2.064495051217308E-3   -5.808370230530285E-2   -4.004332457998620E-2
 7.055300000000000E9     3.931642959559147E-1    8.818876277551241E-2    3.703803414641215E-3   -9.864996301706801E-3    3.130559556024239E-3   -9.811017486031619E-3    1.363791964725148E-2    8.752163286273726E-3
 7.130250000000000E9    -3.036951719536095E-1   -3.445676480064395E-1    8.928054153804932E-3    4.267628451396946E-3    9.073715246903705E-3    2.930930841064279E-3    8.046137396154909E-3    1.205434417631224E-2
 7.205200000000000E9     7.626661935738516E-3    4.438139984148652E-1   -4.144162630247342E-3    7.752556448572049E-3   -3.666324196606728E-3    8.873890082040032E-3   -4.700704709474098E-3   -9.401615488036236E-2
 7.280150000000000E9     2.298886402521221E-1   -4.060308639936546E-1   -6.554631416715652E-3   -3.915089352660819E-3   -6.895097925696478E-3   -3.425703997772030E-3   -5.740250453136848E-2    1.186119570713604E-1
 7.355100000000000E9    -4.539851558265792E-1    1.717101706130147E-1    3.865318518246415E-3   -4.914401830688952E-3    3.634216823749933E-3   -5.033180097152409E-3    1.135457407719450E-1   -1.604905877095620E-1
 7.430050000000000E9     4.628586008063436E-1    1.074505784050028E-1    3.266158178955559E-3    4.239154632513272E-3    3.594841231882785E-3    3.729986182985573E-3   -1.868729677059820E-1    9.987637607324039E-2
 7.505000000000000E9    -3.400336725424069E-1   -3.788053190254208E-1   -4.338237365903055E-3    1.849786177036089E-3   -4.014032892165133E-3    2.343859298124818E-3    1.664060918811481E-1   -3.108622583659368E-2
 7.579950000000000E9     3.359537528200584E-2    4.918688871443230E-1   -6.861841704469482E-4   -4.356131438315505E-3   -1.158905325390702E-3   -4.391029753035264E-3   -1.366105265656670E-1   -7.532363419538647E-2
 7.654900000000000E9     2.493178388503265E-1   -4.301064057881510E-1    4.489366072264569E-3   -3.972127565471218E-5    4.467192890968411E-3   -2.668935629300215E-4    2.383548530130796E-2    1.375530271910858E-1
 7.729850000000000E9    -4.517252416615251E-1    1.811013834049667E-1   -8.008296923425460E-4    4.238485027128551E-3   -4.543413523644296E-4    4.469941343982158E-3    7.205172792406368E-2   -1.345813730466172E-1
 7.804800000000000E9     4.684577573130890E-1    1.184146396759865E-1   -3.983717277632057E-3   -1.505976348322797E-3   -3.944546118498217E-3   -1.102450499888933E-3   -1.859022720334337E-1    6.732088847073633E-2
 7.879750000000000E9    -3.005810569204922E-1   -3.801263983773426E-1    2.041910063455759E-3   -3.265761469012099E-3    1.605895226438633E-3   -3.473713688639842E-3    2.063414807293410E-1    3.648388444099143E-2
 7.954700000000000E9     1.078798602320471E-2    4.756988694158641E-1    2.913039581313747E-3    2.446065818419707E-3    3.084606009886940E-3    2.094588541415955E-3   -1.896719829939770E-1   -1.220522855993578E-1
 8.029650000000000E9     2.809277242045645E-1   -3.750323391149543E-1   -3.148809025126259E-3    2.645330135358408E-3   -3.004621976273026E-3    3.053388502710486E-3    8.463581629052568E-2    2.031643664060510E-1
 8.104600000000000E9    -4.220999400652301E-1    1.411331189524862E-1   -2.367782095416503E-3   -3.416458739692949E-3   -2.527072652045383E-3   -3.064221157713959E-3    2.042974930828788E-2   -1.983928616640356E-1
 8.179550000000000E9     4.283290461646029E-1    1.490531004844632E-1    3.450841740316196E-3   -1.585163068024999E-3    3.499828393673333E-3   -1.727997594730548E-3   -1.363466867981936E-1    1.776811960824218E-1
 8.254500000000000E9    -2.240288154563680E-1   -3.419577746857090E-1    1.317793829953496E-3    3.370631374027903E-3    1.712475503605317E-3    2.962185314906884E-3    2.156609309570950E-1   -4.589236678235219E-2
 8.329450000000000E9     1.713913126480740E-2    3.992349413936699E-1   -3.203575363945443E-3    1.082585867971155E-3   -3.267471173945362E-3    1.610178583163712E-3   -2.128624652132630E-1   -5.205735771916599E-2
 8.404400000000000E9     2.364119827345735E-1   -2.943140325903453E-1   -5.866389395775355E-4   -3.361229056468479E-3   -1.036232242101872E-3   -3.308194306206822E-3    1.669133841878136E-1    1.743838088204246E-1
 8.479350000000000E9    -2.969803535880837E-1    1.150229309178659E-1    3.108578988261867E-3    1.341503142373696E-4    3.236340074588546E-3   -7.500717268536847E-5   -4.209997611834584E-2   -1.969478072706846E-1
 8.554300000000000E9     3.109637577906656E-1    7.242867712051855E-2   -4.746511139986700E-4    2.521826094244221E-3   -2.438065398160661E-4    2.582576184342097E-3   -4.024328822596051E-2    1.935716076777848E-1
 8.629250000000000E9    -1.615621301547706E-1   -1.907948773671418E-1   -2.013742921415723E-3   -5.584894209930150E-4   -2.150782550940196E-3   -3.403757250627365E-4    1.383320973466622E-1   -9.880944704128947E-2
 8.704200000000000E9     6.925084044308401E-2    2.204279633208421E-1    8.505405981798803E-4   -1.981252417143048E-3    7.185545318972180E-4   -2.031232785788639E-3   -1.039803643203288E-1    1.490490629181235E-2
 8.779150000000000E9     7.810769494174306E-2   -1.802081745751475E-1    2.023237104759708E-3    1.287219965979203E-3    2.031383746047250E-3    1.044419464907580E-3    6.393416074530800E-2    5.784792469270012E-2
 8.854100000000000E9    -9.435124174578319E-2    9.831260930646300E-2   -1.603171453872217E-3    1.536844939540593E-3   -1.443446063198833E-3    1.758496698781470E-3    5.494521182341843E-2   -4.156226307939135E-2
 8.929050000000000E9     1.266314738489927E-1   -4.422989558778167E-2   -1.027414686826530E-3   -1.425406932260231E-3   -1.107669785778990E-3   -1.292514616384779E-3   -9.182456882318168E-2   -7.793541580432024E-3
 9.004000000000000E9    -7.529911606827323E-2   -8.664605900003768E-3    9.857520416016337E-4   -4.131846907280480E-4    9.743901267634145E-4   -5.414666985740517E-4    1.303575541552215E-1    1.231951538585129E-1
 9.078950000000000E9     7.325786899076434E-2    1.339526522331384E-2   -3.521514071462695E-4    1.030368295675854E-3   -2.769658242363706E-4    1.012455374864596E-3   -7.877708479717289E-3   -1.807335606183273E-1
 9.153900000000000E9    -5.278860247892313E-2   -3.626271815070687E-2   -1.337901720295232E-3   -1.291830912212809E-3   -1.507405061107139E-3   -1.040312742373805E-3   -6.641767946010010E-2    1.829888915575718E-1
 9.228850000000000E9     5.941757977486404E-2    4.480633363997216E-2    1.917081488627770E-3   -1.946269007499812E-3    1.720350825199312E-3   -2.160226439665563E-3    2.256628623222556E-1   -8.899518555383375E-2
 9.303800000000000E9    -3.800533988742980E-2   -9.915468026969043E-2    2.189639121417826E-3    2.161450568708957E-3    2.612178596586753E-3    1.775417480584039E-3   -2.202535993526918E-1   -6.496481897182479E-2
 9.378750000000000E9    -4.550717873322857E-3    1.012651199799339E-1   -1.994424516537285E-3    2.584168759164565E-3   -1.523651425756286E-3    2.764316115432246E-3    2.069338425514812E-1    2.025842960894838E-1
 9.453700000000000E9     5.915151354858504E-2   -1.221294553843169E-1   -2.285492828615087E-3   -1.853688041508995E-3   -2.543686625303607E-3   -1.432339934301239E-3   -2.848972959641396E-2   -2.970998002554800E-1
 9.528650000000000E9    -1.251508310577550E-1    5.802734382330420E-2    1.829469277912527E-3   -1.896900387643399E-3    1.551018524740510E-3   -2.082468326040720E-3   -8.117736312359683E-2    2.724677135326475E-1
 9.603600000000000E9     1.434148754744499E-1   -1.616765154093086E-2    1.451089160883484E-3    2.111050805789733E-3    1.943800259915414E-3    1.738042994051198E-3    2.484459113270922E-1   -1.786116932752144E-1
 9.678550000000000E9    -1.487546415075993E-1   -1.007542366809420E-1   -2.223934575189916E-3    1.397706084852455E-3   -2.038575385469038E-3    1.774928476261650E-3   -2.421975647999121E-1    2.608298683468653E-3
 9.753500000000000E9     6.060466607438334E-2    1.363222581098636E-1   -1.185265643481568E-3   -2.374162229219819E-3   -1.387560155203611E-3   -2.272110657127304E-3    2.193271678586898E-1    1.026407174032647E-1
 9.828450000000000E9     1.665321769855128E-2   -1.850290875461303E-1    2.432818011809700E-3   -9.693614970177190E-4    2.193182897414514E-3   -1.298725596154900E-3   -4.720929353735046E-2   -1.853114179852088E-1
 9.903400000000000E9    -1.404771539630365E-1    1.003486945876984E-1    1.048835419854464E-3    2.321763881328473E-3    1.424182015593704E-3    2.122823972521411E-3   -3.622771304157987E-2    1.100020385810080E-1
 9.978350000000000E9     1.555946405527324E-1   -3.620735360097124E-2   -2.051416251878253E-3    8.971355302325344E-4   -1.718604962750595E-3    1.338602186638369E-3    1.294231219129944E-1   -4.916038195893075E-2
 1.005330000000000E+10  -1.591731949576911E-1   -1.024760744287707E-1   -4.344074751768271E-4   -1.592885648394846E-3   -9.353401115587981E-4   -1.231984137187066E-3   -7.964077710850512E-2   -1.030727238653143E-1
 1.012825000000000E+10   4.513992876093764E-2    1.324008022929904E-1    1.199796775451965E-3    1.187409818947622E-4    1.018846218382139E-3   -1.457316811438750E-4    8.483885341746810E-3    1.296895756213488E-1
 1.020320000000000E+10   2.189167289640292E-2   -1.652896117793646E-1   -6.469701091974465E-4    9.264267097970237E-4   -3.752975209125863E-4    1.112491416893516E-3    1.432616649392043E-1   -1.760195406580591E-1
 1.027815000000000E+10  -1.436743203673627E-1    7.120494310385059E-2   -1.006265097551829E-3   -1.083323732138820E-3   -1.238496897024043E-3   -6.293388363022320E-4   -2.346192195012230E-1    2.633605075499407E-2
 1.035310000000000E+10   1.187917330993210E-1    1.940417671199380E-2    1.418274921893536E-3   -1.207799922566193E-3    9.835135602808760E-4   -1.492460107451582E-3    2.557437766180029E-1    6.421880432185088E-2
 1.042805000000000E+10  -8.617097451057631E-2   -1.139528335999367E-1    1.081626920005471E-3    1.493873202351772E-3    1.485420716493452E-3    1.119986669778244E-3   -1.870412658771549E-1   -2.445976281621024E-1
 1.050300000000000E+10  -3.732571915370188E-2    1.287861666859025E-1   -1.559496502960550E-3    1.043066190845867E-3   -1.083356749399955E-3    1.316214746911274E-3    3.698453862436073E-2    2.642552552901901E-1
 1.057795000000000E+10   1.075180358934534E-1   -7.896937139504621E-2   -8.951847697256537E-4   -1.521564115094290E-3   -1.330065250845168E-3   -1.167407094816005E-3    9.717074402585180E-2   -2.701222527278664E-1
 1.065290000000000E+10  -1.461649310334320E-1   -2.645342056332888E-2    1.621332904130532E-3   -8.116262635835731E-4    1.190379277178274E-3   -1.108801282490195E-3   -2.215458582792014E-1    1.182717805268388E-1
 1.072785000000000E+10   7.939602612777670E-2    1.166518854863806E-1    7.407526366781999E-4    1.504273958815272E-3    1.113096576611765E-3    1.099491021489527E-3    2.155738358479922E-1    5.902279373566400E-3
 1.080280000000000E+10   4.962797504436505E-3   -1.438199992337865E-1   -1.088686392787907E-3    5.414943628736370E-4   -8.079444271096217E-4    9.163584853354944E-4   -1.492584342238478E-1   -1.428007509881579E-1
 1.087775000000000E+10  -1.159605324887290E-1    1.218820633822258E-1   -2.644596991100350E-4   -1.078754503300298E-3   -4.771968068141848E-4   -9.679226100265995E-4   -7.069295691954679E-3    1.624100463020310E-1
 1.095270000000000E+10   1.725731530315905E-1    1.043093292783499E-3    1.028069278877351E-3    5.919118918542597E-5    1.037913417967303E-3   -3.116912999698241E-4    1.168625640027565E-1   -1.201763616700430E-1
 1.102765000000000E+10  -1.455534634148460E-1   -8.483607302095876E-2   -4.066007861265086E-4    1.094841905572274E-3   -2.103824131515458E-4    9.284773483418930E-4   -1.767615422189788E-1   -1.109203358586259E-2
 1.110260000000000E+10   7.002392913258373E-2    1.914015837020170E-1   -9.490558118601352E-4   -6.136725627601460E-4   -9.545435524101971E-4   -1.852367186127255E-4    9.329700808429782E-2    1.077745212258465E-1
 1.117755000000000E+10   6.295359777277564E-2   -1.652980444545325E-1    6.487881669636371E-4   -8.676264686393537E-4    3.293326680637184E-4   -1.042494240726897E-3    1.664052132655471E-2   -1.453482996663616E-1
 1.125250000000000E+10  -1.366840037641492E-1    1.375541704698141E-1    8.920007056862651E-4    7.032815319606795E-4    1.025241806950813E-3    5.720634349211327E-4   -1.664834395321669E-1    8.282408852371211E-2
 1.132745000000000E+10   2.040506081866726E-1    8.269302870954192E-3   -9.523997440920606E-4    9.533497026565264E-4   -6.882116755250409E-4    1.013240287285442E-3    1.946516291776285E-1    7.547941223758119E-2
 1.140240000000000E+10  -1.424955191053709E-1   -7.895853372697792E-2   -7.113418733152814E-4   -7.162011041353326E-4   -8.402444811591314E-4   -6.205715935370274E-4   -1.394192226210588E-1   -2.075910158629846E-1
 1.147735000000000E+10   8.820507129267360E-2    1.875823271415351E-1    9.424417947421811E-4   -7.645333929412595E-4    6.291680592948425E-4   -8.404866879278862E-4   -2.631412723600612E-2    3.023757871610940E-1
 1.155230000000000E+10   6.205862095835896E-2   -1.612927981278534E-1    6.117138333682535E-4    8.268546811638206E-4    5.987499024172218E-4    6.728194419007078E-4    1.911507902639136E-1   -2.452330147572603E-1
 1.162725000000000E+10  -1.146053715228115E-1    1.440608674162035E-1   -8.682888019042073E-4    4.437793194350999E-4   -6.052947255951681E-4    5.501598790014258E-4   -3.265547090749574E-1    1.187551670248948E-1
 1.170220000000000E+10   2.088994887764814E-1   -1.698366525673194E-2   -2.021269901015757E-4   -7.330902602962318E-4   -4.887541401479270E-4   -6.575526890939298E-4    3.330393314959327E-1    1.340380120866840E-1
 1.177715000000000E+10  -1.659267625657182E-1   -7.958734393008460E-2    7.408730546285460E-4   -2.726557425878322E-4    6.351027161433188E-4   -4.542276408735868E-4   -1.924349256562814E-1   -2.727902336571716E-1
 1.185210000000000E+10   1.221930933989977E-1    2.031120214273613E-1    1.055945421574557E-4    5.580028658971185E-4    2.800563300862313E-4    6.026208227379162E-4   -6.491051796249958E-3    3.558178485014561E-1
 1.192705000000000E+10   4.553865562766932E-2   -2.223592095726813E-1   -5.239510281484283E-4   -8.378297558236430E-5   -4.756403724978194E-4    6.510482233225777E-5    2.209436892188096E-1   -2.397179805350382E-1
 1.200200000000000E+10  -1.366523894094494E-1    2.023979939823125E-1    2.141960071208905E-4   -4.010031276630326E-4    6.962562585255352E-5   -5.091198114006356E-4   -3.126589479943069E-1    8.817626756374200E-2
 1.207695000000000E+10   2.813591369888057E-1   -7.388726199090194E-2    3.174057960252169E-4    2.701200234586069E-4    3.927123683003821E-4    2.057267714083816E-4    2.921367066249169E-1    1.573000662610801E-1
 1.215190000000000E+10  -2.573401699585209E-1   -9.274338155387719E-2   -4.283732575995831E-4    3.851174132129227E-4   -3.341531186030503E-4    3.198381936783100E-4   -1.209264002994963E-1   -2.497381319685090E-1
 1.222685000000000E+10   2.168399072555293E-1    2.244673627504661E-1   -4.469166694043947E-4   -5.334389506142785E-4   -4.299366803474842E-4   -5.039108268764134E-4   -3.088235540865814E-2    3.027111042560215E-1
 1.230180000000000E+10  -2.241371606656934E-2   -3.366893221413455E-1    5.211728419111741E-4   -4.465359402399603E-4    4.247730774268180E-4   -3.546159639924778E-4    2.302981979387880E-1   -1.773863204422437E-1
 1.237675000000000E+10  -1.392150461051483E-1    3.013672530124566E-1    5.130193237750996E-4    4.298595765331350E-4    3.820052622334810E-4    3.156257084651579E-4   -2.551645021420483E-1    2.797708952813819E-2
 1.245170000000000E+10   3.333449033853771E-1   -1.926951444469057E-1   -4.498256451516996E-4    5.127214094853215E-4   -2.044451395649377E-4    3.868755003250140E-4    2.452566601804427E-1    1.595186473216827E-1
 1.252665000000000E+10  -3.600159577604720E-1   -6.376575239988616E-2   -2.860720382392433E-4   -4.610317039280503E-4   -3.593475312110055E-4   -2.504199873150971E-4   -6.978446294299723E-2   -2.464927577359532E-1
 1.260160000000000E+10   3.052621145335792E-1    2.139156628094529E-1    2.197749098769273E-4   -2.217446102011251E-4    1.070330576759860E-4   -1.828912664315589E-4   -4.177659938869508E-2    2.447285662569585E-1
 1.267655000000000E+10  -8.702218541863141E-2   -4.040936929904578E-1    2.007403486277947E-4    3.004746666466161E-4    1.620897587551244E-4    1.258610438512149E-4    1.922410082402718E-1   -1.420778345252438E-1
 1.275150000000000E+10  -1.292567100435019E-1    3.401847417663864E-1   -2.277158973276476E-4    1.328852746231023E-4   -2.489674248254916E-4    2.422619241813629E-4   -1.717906407308916E-1    6.488799751615333E-3
 1.282645000000000E+10   3.265387459044545E-1   -2.591727507465242E-1   -2.420058158567842E-5   -2.431154773969905E-4   -8.168858577053952E-5    4.019081694223233E-5    1.568830289612506E-1    1.108979379502446E-1
 1.290140000000000E+10  -3.902323196144540E-1   -5.513826230374337E-2    1.276552233402424E-5    1.946874268000734E-5   -8.845418295178018E-5    1.118916584936612E-4    9.624632755981851E-3   -1.806487872223355E-1
 1.297635000000000E+10   3.079594601463980E-1    1.997023861362208E-1   -1.505479922013790E-4    5.078022936192509E-5   -2.117181054053729E-4    1.654634779306885E-4   -7.732080936710600E-2    1.385907170923141E-1
 1.305130000000000E+10  -1.002033035494853E-1   -4.020212211775650E-1    1.282654693743614E-4   -1.137348422465293E-4    1.120675010936838E-4   -1.253617409504562E-4    1.984080726101836E-1   -6.570274611252094E-2
 1.312625000000000E+10  -1.484032138669468E-1    3.108926066750764E-1    2.083515431803608E-4    1.862016685950809E-4    3.306589933302802E-4    7.907028001073854E-5   -1.380480738446864E-1   -8.959997598729431E-2
 1.320120000000000E+10   3.174392533504674E-1   -2.176969113841316E-1   -1.904327872433452E-4    2.992574341624507E-4   -2.917394280758814E-4    5.233505965919345E-4    1.052528367582862E-1    1.296248094366942E-1
 1.327615000000000E+10  -3.676793259927489E-1   -1.054391332291100E-1   -3.300821215667835E-4   -1.888363231438533E-4   -4.552129120459984E-4   -1.818043642154920E-4    5.169365557598982E-2   -1.952168248775160E-1
 1.335110000000000E+10   2.338346748271178E-1    2.602738584940556E-1    2.255540697302686E-4   -3.907578290099788E-4    1.638429003552813E-4   -3.773697449815008E-4   -1.182966578892241E-1    8.407308637277744E-2
 1.342605000000000E+10   6.588832850536329E-3   -4.087760772256059E-1    2.473281134439649E-4    1.939818504508670E-4    4.663247476820330E-4    1.416732047194988E-4    1.926889730589801E-1   -4.129735566211847E-2
 1.350100000000000E+10  -2.719140810971312E-1    2.480648763820619E-1   -2.114241888049317E-4    2.171466128409707E-4   -1.258986038252252E-4    3.138184265958311E-4   -1.463721101963822E-1   -1.216442988788211E-1
 1.357595000000000E+10   3.855823640546269E-1   -9.477268428227616E-2   -3.228173667622150E-4   -2.517452831704962E-4   -4.085055212925328E-4   -9.110359672085823E-6    8.469399407919356E-2    1.400672618070458E-1
 1.365090000000000E+10  -3.602202364457495E-1   -2.423027967513839E-1    3.544521742042825E-4   -2.790076788327998E-4    1.400035905189924E-4   -3.302948487544563E-4    5.263248976201290E-2   -1.998722070859484E-1
 1.372585000000000E+10   1.214236205148727E-1    3.873022308199111E-1    1.510533838850446E-4    2.294905477522386E-4    1.655199236914528E-4    2.063574673409538E-4   -1.182809044179779E-1    7.580728808675499E-2
 1.380080000000000E+10   1.384034418985043E-1   -4.353702060533780E-1   -2.161446193800287E-4    2.117472958370153E-4   -2.202647718278638E-4    2.170290496723818E-4    1.678035592666468E-1   -4.314211250930201E-2
 1.387575000000000E+10  -4.194067356653730E-1    1.906106044119051E-1   -1.057533108677405E-4   -1.455727200063488E-4   -1.994734387984903E-4   -1.653412115435887E-4   -1.137195561797819E-1   -1.277463256381806E-1
 1.395070000000000E+10   4.426660587589638E-1    7.587050694107522E-2    2.313999401028856E-4   -3.408166313861364E-5    1.736379944508283E-4   -1.638837975075866E-4    2.651019504892595E-2    9.449948411489958E-2
 1.402565000000000E+10  -3.207674450477090E-1   -3.665284107165931E-1   -7.728634823364345E-5    1.737458998224760E-4    1.768500006830895E-4    1.239771421555434E-4    5.227084860734325E-2   -1.528924616026079E-1
 1.410060000000000E+10  -2.595709361000959E-2    4.793536951417577E-1   -1.296308836278481E-4   -1.322094061675508E-4   -1.849604161355434E-4   -3.671328655362087E-5   -1.484449006075210E-1    2.987442691177750E-2
 1.417555000000000E+10   2.789866571473161E-1   -3.868680581776128E-1    3.139530453492346E-5   -2.226525502694823E-4   -2.436636467609640E-5   -2.102787597518083E-4    1.501749773440691E-1    1.465613778198080E-2
 1.425050000000000E+10  -4.910453592755507E-1    1.057989828094801E-1    1.763055204928506E-4    1.123640799199783E-4    1.220874702999866E-4    6.402881471341090E-5   -1.376637444492416E-1   -1.628380609300049E-1
 1.432545000000000E+10   4.188760483434407E-1    2.240736911898770E-1   -1.314162949137250E-4    1.399934008669070E-4   -2.893092697419149E-4    1.665504838608937E-4    1.299275745122013E-2    1.903994157725617E-1
 1.440040000000000E+10  -2.295924892259573E-1   -4.243830859096202E-1   -5.837313680621608E-6   -2.548445407425440E-4   -2.668255778678333E-5   -2.964813474704936E-4    7.465084042958833E-2   -2.204043688926467E-1
 1.447535000000000E+10  -1.366696537404997E-1    4.655138000456627E-1    5.618064158482693E-5    2.859377809799055E-5    3.708504974002401E-4   -7.701495890505779E-5   -2.007936806438158E-1    1.258455475446472E-1
 1.455030000000000E+10   3.471985969990299E-1   -2.756056493233978E-1   -9.133820488567349E-5    3.305415650951645E-4    1.677343359485078E-4    2.186732093540981E-4    2.290494245123734E-1   -4.635675130026775E-2
 1.462525000000000E+10  -4.682198923947210E-1    1.288378542773338E-2   -2.877684850488724E-4    3.646880505918994E-5   -2.481257868209618E-4    8.016416051664837E-5   -2.512070402110519E-1   -1.130469315644025E-1
 1.470020000000000E+10   3.236479359567238E-1    2.934454851908774E-1    3.255717762901625E-5   -3.380300545202565E-4   -2.562192816987934E-5   -9.430957055792418E-5    1.113104507642954E-1    2.081076472589766E-1
 1.477515000000000E+10  -1.163706303911510E-1   -4.069047561756398E-1    2.984301908541616E-4    6.975995916398010E-6    4.008101589628609E-4   -3.925310340766124E-5   -9.918196924484861E-3   -2.369823188324559E-1
 1.485010000000000E+10  -2.036822405633085E-1    3.831145491840250E-1   -6.904983900487294E-5    2.441204918339210E-4    1.260511754781495E-4    2.405123747828837E-4   -1.538718974281393E-1    1.764813068713154E-1
 1.492505000000000E+10   3.499175025051390E-1   -1.551552178796886E-1   -2.675703572615871E-4   -4.778067421415316E-5   -2.511083894466279E-4   -1.458388069636804E-5    1.832992263649857E-1   -6.423443110784463E-2
 1.500000000000000E+10  -4.020374083517122E-1   -6.596401100516636E-2   -4.114455278051283E-5   -1.667772555887614E-4    7.310675300172106E-5   -2.673614008982245E-4   -2.162924620281677E-1   -6.818265035839990E-2